1180
1184
1184
1188
1192
1196
1200
1204
1208
1216
1224
1232
1240
1248
1256
1264
1272
1284
1292
1304
1316
1324
1336
1348
1356
1368
1380
1392
1400
1412
1424
1436
1444
1456
1468
1480
1488
1500
1512
1520
1532
1540
1552
1560
1572
1580
1592
1600
1612
1620
1628
1640
1648
1656
1664
1672
1684
1692
1700
1708
1716
1724
1732
1740
1748
1756
1764
1772
1780
1788
1796
1804
1812
1820
1828
1836
1844
1852
1860
1868
1876
1884
1892
1896
1904
1912
1920
1928
1936
1940
1948
1956
1964
1972
1976
1984
1992
2000
2004
2012
2020
2024
2032
2040
2048
2052
2060
2068
2072
2080
2088
2092
2100
2104
2112
2120
2124
2132
2136
2144
2152
2156
2164
2168
2176
2184
2188
2196
2200
2208
2212
2220
2228
2232
2240
2244
2252
2256
2264
2268
2276
2280
2288
2292
2300
2304
2312
2316
2324
2328
2336
2340
2348
2352
2360
2364
2372
2376
2380
2388
2392
2400
2404
2412
2416
2424
2428
2436
2440
2444
2452
2456
2464
2468
2476
2480
2484
2492
2496
2504
2508
2516
2520
2524
2532
2536
2540
2548
2552
2560
2564
2568
2576
2580
2584
2592
2596
2604
2608
2612
2620
2624
2628
2636
2640
2644
2652
2656
2660
2668
2672
2676
2684
2688
2692
2700
2704
2708
2716
2720
2724
2732
2736
2740
2744
2752
2756
2764
2768
2772
2780
2784
2788
2796
2800
2808
2812
2820
2824
2832
2836
2844
2848
2852
2860
2864
2868
2876
2880
2884
2888
2892
2896
2900
2904
2904
2908
2912
2912
2912
2912
2916
2916
2916
2912
2912
2912
2912
2908
2908
2904
2904
2900
2896
2896
2892
2888
2888
2884
2880
2880
2876
2872
2868
2864
2864
2860
2856
2852
2852
2848
2844
2840
2840
2836
2832
2832
2828
2824
2824
2820
2816
2816
2812
2808
2808
2804
2804
2800
2800
2796
2796
2792
2792
2788
2788
2784
2784
2780
2780
2780
2776
2776
2772
2772
2772
2768
2768
2764
2764
2764
2760
2760
2760
2756
2756
2756
2752
2752
2752
2748
2748
2748
2744
2744
2744
2744
2740
2740
2740
2740
2736
2736
2736
2732
2732
2732
2732
2728
2728
2728
2728
2724
2724
2724
2724
2724
2720
2720
2720
2720
2716
2716
2716
2716
2716
2712
2712
2712
2712
2712
2708
2708
2708
2708
2708
2704
2704
2704
2704
2704
2704
2700
2700
2700
2700
2700
2700
2696
2696
2696
2696
2696
2696
2692
2692
2692
2692
2692
2692
2692
2688
2688
2688
2688
2688
2688
2688
2684
2684
2684
2684
2684
2684
2684
2684
2680
2680
2680
2680
2680
2680
2680
2676
2676
2676
2676
2676
2676
2676
2676
2672
2672
2672
2672
2672
2672
2672
2672
2672
2668
2668
2668
2668
2668
2668
2668
2668
2668
2668
2668
2664
2664
2664
2664
2664
2664
2664
2664
2664
2660
2660
2660
2660
2660
2660
2660
2656
2656
2656
2656
2656
2656
2656
2652
2652
2652
2652
2652
2652
2652
2652
2652
2656
2656
2656
2656
2656
2656
2660
2660
2660
2660
2660
2660
2660
2660
2660
2656
2656
2656
2652
2652
2648
2644
2640
2636
2632
2628
2620
2616
2612
2604
2596
2592
2584
2576
2568
2560
2552
2544
2536
2528
2520
2512
2504
2496
2488
2480
2468
2460
2452
2444
2436
2428
2420
2412
2404
2396
2388
2380
2372
2364
2356
2348
2340
2332
2324
2316
2308
2304
2296
2288
2280
2272
2268
2260
2252
2244
2236
2232
2224
2216
2212
2204
2196
2192
2184
2176
2172
2164
2156
2152
2144
2140
2132
2124
2120
2112
2108
2100
2092
2088
2080
2076
2068
2064
2056
2048
2044
2036
2032
2024
2020
2012
2008
2000
1996
1988
1984
1976
1972
1964
1960
1952
1948
1940
1936
1932
1924
1920
1912
1908
1900
1896
1892
1884
1880
1872
1868
1864
1856
1852
1844
1840
1836
1828
1824
1816
1812
1808
1800
1796
1788
1784
1780
1772
1768
1764
1756
1752
1748
1740
1736
1728
1724
1720
1712
1708
1704
1700
1692
1688
1684
1676
1672
1668
1660
1656
1652
1648
1640
1636
1632
1624
1620
1616
1612
1604
1600
1596
1588
1584
1580
1576
1568
1564
1560
1552
1548
1544
1540
1532
1528
1524
1520
1512
1508
1504
1496
1492
1488
1484
1476
1472
1468
1464
1456
1452
1448
1444
1436
1432
1428
1424
1416
1412
1408
1404
1396
1392
1388
1384
1380
1372
1368
1364
1360
1356
1348
1344
1340
1336
1332
1328
1324
1316
1312
1308
1304
1300
1292
1288
1284
1280
1272
1268
1264
1256
1252
1248
1240
1236
1228
1224
1220
1212
1208
1204
1200
1196
1192
1188
1184
1184
1184
1180
1180
