740
744
748
756
760
768
776
784
796
804
816
828
836
848
860
876
888
900
916
928
940
956
968
984
996
1012
1028
1040
1056
1072
1084
1100
1116
1128
1144
1160
1176
1188
1204
1220
1232
1248
1264
1280
1292
1308
1320
1336
1352
1364
1380
1392
1408
1424
1436
1452
1464
1480
1492
1504
1520
1532
1544
1560
1572
1584
1596
1608
1624
1636
1648
1660
1672
1684
1696
1708
1720
1732
1744
1756
1764
1776
1788
1800
1812
1824
1832
1844
1856
1868
1880
1888
1900
1912
1924
1932
1944
1956
1964
1976
1988
2000
2008
2020
2032
2040
2052
2060
2072
2080
2092
2104
2112
2124
2132
2144
2152
2164
2172
2184
2192
2204
2212
2224
2232
2244
2252
2264
2272
2280
2292
2300
2312
2320
2332
2340
2348
2360
2368
2376
2388
2396
2408
2416
2424
2436
2444
2452
2464
2472
2480
2492
2500
2508
2520
2528
2536
2544
2556
2564
2572
2584
2592
2600
2608
2620
2628
2636
2644
2656
2664
2672
2680
2688
2700
2708
2716
2724
2736
2744
2752
2760
2768
2780
2788
2796
2804
2812
2824
2832
2840
2848
2856
2864
2872
2884
2892
2900
2908
2916
2924
2932
2940
2952
2960
2968
2976
2984
2992
3000
3008
3016
3028
3036
3044
3052
3060
3068
3076
3084
3092
3100
3112
3120
3128
3136
3144
3152
3160
3168
3176
3188
3196
3204
3212
3220
3228
3236
3244
3252
3260
3268
3276
3284
3292
3300
3304
3312
3320
3324
3332
3336
3340
3344
3348
3352
3352
3356
3360
3360
3360
3360
3360
3360
3360
3360
3360
3356
3356
3356
3352
3348
3348
3344
3344
3340
3336
3332
3328
3324
3320
3320
3316
3312
3308
3304
3300
3296
3292
3288
3284
3280
3276
3272
3268
3268
3264
3260
3256
3252
3248
3244
3240
3236
3236
3232
3228
3224
3224
3220
3216
3212
3212
3208
3204
3200
3200
3196
3192
3192
3188
3184
3184
3180
3180
3176
3172
3172
3168
3168
3164
3164
3160
3160
3156
3156
3152
3152
3148
3148
3144
3144
3140
3140
3136
3136
3132
3132
3128
3128
3128
3124
3124
3120
3120
3120
3116
3116
3116
3112
3112
3108
3108
3108
3104
3104
3104
3100
3100
3100
3096
3096
3096
3092
3092
3092
3088
3088
3088
3088
3084
3084
3084
3080
3080
3080
3080
3076
3076
3076
3072
3072
3072
3072
3068
3068
3068
3068
3064
3064
3064
3064
3060
3060
3060
3060
3056
3056
3056
3056
3052
3052
3052
3052
3052
3048
3048
3048
3048
3044
3044
3044
3044
3044
3040
3040
3040
3040
3036
3036
3036
3036
3036
3032
3032
3032
3032
3032
3032
3028
3028
3028
3028
3028
3024
3024
3024
3024
3024
3024
3020
3020
3020
3020
3020
3016
3016
3016
3016
3016
3016
3016
3012
3012
3012
3012
3012
3012
3008
3008
3008
3008
3008
3008
3008
3008
3004
3004
3004
3004
3004
3004
3004
3004
3004
3004
3000
3000
3000
3000
3000
3000
3000
3000
3000
3000
3000
3000
3000
2996
2996
2996
2992
2992
2992
2988
2984
2984
2980
2976
2972
2968
2960
2956
2952
2944
2936
2932
2924
2916
2904
2896
2888
2876
2868
2856
2848
2836
2824
2816
2804
2792
2780
2768
2756
2744
2732
2720
2712
2700
2688
2676
2664
2652
2640
2628
2616
2604
2592
2580
2568
2556
2544
2532
2520
2508
2496
2484
2472
2464
2452
2440
2428
2416
2408
2396
2384
2372
2364
2352
2340
2332
2320
2308
2300
2288
2276
2268
2256
2248
2236
2228
2216
2208
2196
2188
2176
2168
2156
2148
2136
2128
2116
2108
2096
2088
2080
2068
2060
2048
2040
2032
2020
2012
2004
1992
1984
1976
1964
1956
1948
1936
1928
1920
1908
1900
1892
1884
1872
1864
1856
1848
1836
1828
1820
1812
1800
1792
1784
1776
1768
1760
1748
1740
1732
1724
1716
1704
1696
1688
1680
1672
1664
1656
1644
1636
1628
1620
1612
1604
1596
1584
1576
1568
1560
1552
1544
1536
1528
1520
1512
1504
1492
1484
1476
1468
1460
1452
1444
1436
1428
1420
1412
1404
1396
1388
1380
1372
1364
1356
1348
1340
1332
1324
1316
1308
1300
1292
1284
1276
1268
1260
1252
1244
1236
1228
1220
1212
1204
1196
1188
1180
1172
1164
1156
1148
1140
1132
1124
1116
1108
1104
1096
1088
1080
1072
1064
1056
1048
1040
1032
1024
1016
1012
1004
996
988
980
972
964
956
948
940
932
924
916
908
900
892
884
880
872
864
856
848
840
832
824
816
808
800
792
788
780
772
768
760
756
752
748
744
740
736
736
736
736
736
740
