0
0
0
0
0
0
0
0
0
0
0
0
0
0
0
0
0
0
0
0
0
0
0
0
0
0
0
0
0
0
0
0
0
0
0
0
0
0
0
0
0
0
0
0
0
0
0
0
0
0
0
0
0
0
0
0
0
0
0
0
0
0
0
0
0
0
0
0
0
0
0
0
0
0
1
1
1
1
1
1
1
1
1
1
1
1
1
1
1
1
1
1
1
1
1
1
1
1
1
1
1
1
1
1
1
1
1
1
1
1
1
1
1
1
1
1
1
1
1
1
1
1
1
1
1
1
1
1
1
1
1
1
1
1
1
1
2
2
2
2
2
2
2
2
2
2
2
2
2
2
2
2
2
2
2
2
2
2
2
2
2
2
2
2
2
2
2
2
2
2
2
2
2
3
3
3
3
3
3
3
3
3
3
3
3
3
3
3
3
3
3
3
3
3
3
3
3
3
3
3
3
4
4
4
4
4
4
4
4
4
4
4
4
4
4
4
4
4
4
4
4
4
4
4
5
5
5
5
5
5
5
5
5
5
5
5
5
5
5
5
5
5
5
6
6
6
6
6
6
6
6
6
6
6
6
6
6
6
6
6
7
7
7
7
7
7
7
7
7
7
7
7
7
7
7
8
8
8
8
8
8
8
8
8
8
8
8
8
8
9
9
9
9
9
9
9
9
9
9
9
9
9
10
10
10
10
10
10
10
10
10
10
10
11
11
11
11
11
11
11
11
11
11
11
12
12
12
12
12
12
12
12
12
12
13
13
13
13
13
13
13
13
13
14
14
14
14
14
14
14
14
14
15
15
15
15
15
15
15
15
15
16
16
16
16
16
16
16
16
17
17
17
17
17
17
17
18
18
18
18
18
18
18
18
19
19
19
19
19
19
19
20
20
20
20
20
20
21
21
21
21
21
21
21
22
22
22
22
22
22
23
23
23
23
23
23
24
24
24
24
24
24
25
25
25
25
25
25
26
26
26
26
26
27
27
27
27
27
27
28
28
28
28
28
29
29
29
29
29
30
30
30
30
30
31
31
31
31
31
32
32
32
32
33
33
33
33
33
34
34
34
34
35
35
35
35
35
36
36
36
36
37
37
37
37
38
38
38
38
39
39
39
39
40
40
40
40
41
41
41
41
42
42
42
42
43
43
43
43
44
44
44
45
45
45
45
46
46
46
46
47
47
47
48
48
48
49
49
49
49
50
50
50
51
51
51
52
52
52
52
53
53
53
54
54
54
55
55
55
56
56
56
57
57
57
58
58
58
59
59
59
60
60
60
61
61
61
62
62
62
63
63
64
64
64
65
65
65
66
66
66
67
67
68
68
68
69
69
70
70
70
71
71
71
72
72
73
73
73
74
74
75
75
75
76
76
77
77
78
78
78
79
79
80
80
81
81
81
82
82
83
83
84
84
85
85
85
86
86
87
87
88
88
89
89
90
90
90
91
91
92
92
93
93
94
94
95
95
96
96
97
97
98
98
99
99
100
100
101
101
102
102
103
103
104
104
105
105
106
107
107
108
108
109
109
110
110
111
111
112
113
113
114
114
115
115
116
116
117
118
118
119
119
120
120
121
122
122
123
123
124
125
125
126
126
127
128
128
129
129
130
131
131
132
133
133
134
134
135
136
136
137
138
138
139
140
140
141
142
142
143
144
144
145
146
146
147
148
148
149
150
150
151
152
152
153
154
154
155
156
157
157
158
159
159
160
161
162
162
163
164
164
165
166
167
167
168
169
170
170
171
172
173
173
174
175
176
176
177
178
179
180
180
181
182
183
183
184
185
186
187
187
188
189
190
191
191
192
193
194
195
196
196
197
198
199
200
201
201
202
203
204
205
206
207
207
208
209
210
211
212
213
213
214
215
216
217
218
219
220
221
222
222
223
224
225
226
227
228
229
230
231
232
233
233
234
235
236
237
238
239
240
241
242
243
244
245
246
247
248
249
250
251
252
253
254
255
256
257
258
259
260
261
262
263
264
265
266
267
268
269
270
271
272
273
274
275
276
277
278
279
280
281
282
284
285
286
287
288
289
290
291
292
293
294
295
297
298
299
300
301
302
303
304
305
307
308
309
310
311
312
313
315
316
317
318
319
320
321
323
324
325
326
327
328
330
331
332
333
334
336
337
338
339
340
342
343
344
345
346
348
349
350
351
353
354
355
356
357
359
360
361
362
364
365
366
368
369
370
371
373
374
375
376
378
379
380
382
383
384
385
387
388
389
391
392
393
395
396
397
399
400
401
403
404
405
407
408
409
411
412
413
415
416
418
419
420
422
423
424
426
427
429
430
431
433
434
436
437
438
440
441
443
444
446
447
448
450
451
453
454
456
457
458
460
461
463
464
466
467
469
470
472
473
475
476
478
479
480
482
483
485
486
488
489
491
492
494
496
497
499
500
502
503
505
506
508
509
511
512
514
515
517
519
520
522
523
525
526
528
529
531
533
534
536
537
539
541
542
544
545
547
549
550
552
553
555
557
558
560
561
563
565
566
568
570
571
573
575
576
578
580
581
583
585
586
588
589
591
593
595
596
598
600
601
603
605
606
608
610
611
613
615
617
618
620
622
623
625
627
629
630
632
634
635
637
639
641
642
644
646
648
649
651
653
655
656
658
660
662
663
665
667
669
671
672
674
676
678
680
681
683
685
687
689
690
692
694
696
698
699
701
703
705
707
708
710
712
714
716
718
719
721
723
725
727
729
731
732
734
736
738
740
742
744
745
747
749
751
753
755
757
759
760
762
764
766
768
770
772
774
776
778
779
781
783
785
787
789
791
793
795
797
799
800
802
804
806
808
810
812
814
816
818
820
822
824
826
828
830
832
833
835
837
839
841
843
845
847
849
851
853
855
857
859
861
863
865
867
869
871
873
875
877
879
881
883
885
887
889
891
893
895
897
899
901
903
905
907
909
911
913
915
917
919
921
923
925
927
929
931
933
935
937
939
941
943
945
948
950
952
954
956
958
960
962
964
966
968
970
972
974
976
978
980
982
984
987
989
991
993
995
997
999
1001
1003
1005
1007
1009
1011
1013
1016
1018
1020
1022
1024
1026
1028
1030
1032
1034
1036
1038
1041
1043
1045
1047
1049
1051
1053
1055
1057
1059
1061
1064
1066
1068
1070
1072
1074
1076
1078
1080
1082
1085
1087
1089
1091
1093
1095
1097
1099
1101
1103
1106
1108
1110
1112
1114
1116
1118
1120
1122
1125
1127
1129
1131
1133
1135
1137
1139
1141
1144
1146
1148
1150
1152
1154
1156
1158
1161
1163
1165
1167
1169
1171
1173
1175
1177
1180
1182
1184
1186
1188
1190
1192
1194
1197
1199
1201
1203
1205
1207
1209
1211
1213
1216
1218
1220
1222
1224
1226
1228
1230
1233
1235
1237
1239
1241
1243
1245
1247
1249
1252
1254
1256
1258
1260
1262
1264
1266
1268
1271
1273
1275
1277
1279
1281
1283
1285
1287
1290
1292
1294
1296
1298
1300
1302
1304
1306
1309
1311
1313
1315
1317
1319
1321
1323
1325
1327
1330
1332
1334
1336
1338
1340
1342
1344
1346
1348
1350
1353
1355
1357
1359
1361
1363
1365
1367
1369
1371
1373
1375
1378
1380
1382
1384
1386
1388
1390
1392
1394
1396
1398
1400
1402
1404
1407
1409
1411
1413
1415
1417
1419
1421
1423
1425
1427
1429
1431
1433
1435
1437
1439
1441
1443
1445
1447
1449
1452
1454
1456
1458
1460
1462
1464
1466
1468
1470
1472
1474
1476
1478
1480
1482
1484
1486
1488
1490
1492
1494
1496
1498
1500
1502
1504
1506
1508
1510
1512
1514
1516
1518
1520
1522
1524
1526
1528
1529
1531
1533
1535
1537
1539
1541
1543
1545
1547
1549
1551
1553
1555
1557
1559
1561
1563
1565
1566
1568
1570
1572
1574
1576
1578
1580
1582
1584
1586
1587
1589
1591
1593
1595
1597
1599
1601
1603
1604
1606
1608
1610
1612
1614
1616
1618
1619
1621
1623
1625
1627
1629
1631
1632
1634
1636
1638
1640
1642
1643
1645
1647
1649
1651
1652
1654
1656
1658
1660
1661
1663
1665
1667
1669
1670
1672
1674
1676
1677
1679
1681
1683
1685
1686
1688
1690
1692
1693
1695
1697
1699
1700
1702
1704
1705
1707
1709
1711
1712
1714
1716
1717
1719
1721
1722
1724
1726
1728
1729
1731
1733
1734
1736
1738
1739
1741
1743
1744
1746
1747
1749
1751
1752
1754
1756
1757
1759
1760
1762
1764
1765
1767
1768
1770
1772
1773
1775
1776
1778
1780
1781
1783
1784
1786
1787
1789
1790
1792
1794
1795
1797
1798
1800
1801
1803
1804
1806
1807
1809
1810
1812
1813
1815
1816
1818
1819
1821
1822
1823
1825
1826
1828
1829
1831
1832
1834
1835
1836
1838
1839
1841
1842
1843
1845
1846
1848
1849
1850
1852
1853
1855
1856
1857
1859
1860
1861
1863
1864
1865
1867
1868
1869
1871
1872
1873
1875
1876
1877
1879
1880
1881
1882
1884
1885
1886
1887
1889
1890
1891
1892
1894
1895
1896
1897
1899
1900
1901
1902
1904
1905
1906
1907
1908
1909
1911
1912
1913
1914
1915
1916
1918
1919
1920
1921
1922
1923
1924
1926
1927
1928
1929
1930
1931
1932
1933
1934
1935
1936
1938
1939
1940
1941
1942
1943
1944
1945
1946
1947
1948
1949
1950
1951
1952
1953
1954
1955
1956
1957
1958
1959
1960
1961
1962
1963
1964
1965
1965
1966
1967
1968
1969
1970
1971
1972
1973
1974
1974
1975
1976
1977
1978
1979
1980
1981
1981
1982
1983
1984
1985
1985
1986
1987
1988
1989
1989
1990
1991
1992
1993
1993
1994
1995
1996
1996
1997
1998
1999
1999
2000
2001
2001
2002
2003
2003
2004
2005
2006
2006
2007
2007
2008
2009
2009
2010
2011
2011
2012
2013
2013
2014
2014
2015
2016
2016
2017
2017
2018
2018
2019
2020
2020
2021
2021
2022
2022
2023
2023
2024
2024
2025
2025
2026
2026
2027
2027
2028
2028
2029
2029
2029
2030
2030
2031
2031
2032
2032
2032
2033
2033
2034
2034
2034
2035
2035
2035
2036
2036
2036
2037
2037
2037
2038
2038
2038
2039
2039
2039
2040
2040
2040
2040
2041
2041
2041
2041
2042
2042
2042
2042
2043
2043
2043
2043
2043
2044
2044
2044
2044
2044
2045
2045
2045
2045
2045
2045
2045
2046
2046
2046
2046
2046
2046
2046
2046
2046
2046
2047
2047
2047
2047
2047
2047
2047
2047
2047
2047
2047
2047
2047
2047
2047
2047
2047
2047
2047
2047
2047
2047
2047
2047
2047
2047
2046
2046
2046
2046
2046
2046
2046
2046
2046
2046
2045
2045
2045
2045
2045
2045
2045
2044
2044
2044
2044
2044
2043
2043
2043
2043
2043
2042
2042
2042
2042
2041
2041
2041
2041
2040
2040
2040
2040
2039
2039
2039
2038
2038
2038
2037
2037
2037
2036
2036
2036
2035
2035
2035
2034
2034
2034
2033
2033
2032
2032
2032
2031
2031
2030
2030
2029
2029
2029
2028
2028
2027
2027
2026
2026
2025
2025
2024
2024
2023
2023
2022
2022
2021
2021
2020
2020
2019
2018
2018
2017
2017
2016
2016
2015
2014
2014
2013
2013
2012
2011
2011
2010
2009
2009
2008
2007
2007
2006
2006
2005
2004
2003
2003
2002
2001
2001
2000
1999
1999
1998
1997
1996
1996
1995
1994
1993
1993
1992
1991
1990
1989
1989
1988
1987
1986
1985
1985
1984
1983
1982
1981
1981
1980
1979
1978
1977
1976
1975
1974
1974
1973
1972
1971
1970
1969
1968
1967
1966
1965
1965
1964
1963
1962
1961
1960
1959
1958
1957
1956
1955
1954
1953
1952
1951
1950
1949
1948
1947
1946
1945
1944
1943
1942
1941
1940
1939
1938
1936
1935
1934
1933
1932
1931
1930
1929
1928
1927
1926
1924
1923
1922
1921
1920
1919
1918
1916
1915
1914
1913
1912
1911
1909
1908
1907
1906
1905
1904
1902
1901
1900
1899
1897
1896
1895
1894
1892
1891
1890
1889
1887
1886
1885
1884
1882
1881
1880
1879
1877
1876
1875
1873
1872
1871
1869
1868
1867
1865
1864
1863
1861
1860
1859
1857
1856
1855
1853
1852
1850
1849
1848
1846
1845
1843
1842
1841
1839
1838
1836
1835
1834
1832
1831
1829
1828
1826
1825
1823
1822
1821
1819
1818
1816
1815
1813
1812
1810
1809
1807
1806
1804
1803
1801
1800
1798
1797
1795
1794
1792
1790
1789
1787
1786
1784
1783
1781
1780
1778
1776
1775
1773
1772
1770
1768
1767
1765
1764
1762
1760
1759
1757
1756
1754
1752
1751
1749
1747
1746
1744
1743
1741
1739
1738
1736
1734
1733
1731
1729
1728
1726
1724
1722
1721
1719
1717
1716
1714
1712
1711
1709
1707
1705
1704
1702
1700
1699
1697
1695
1693
1692
1690
1688
1686
1685
1683
1681
1679
1677
1676
1674
1672
1670
1669
1667
1665
1663
1661
1660
1658
1656
1654
1652
1651
1649
1647
1645
1643
1642
1640
1638
1636
1634
1632
1631
1629
1627
1625
1623
1621
1619
1618
1616
1614
1612
1610
1608
1606
1604
1603
1601
1599
1597
1595
1593
1591
1589
1587
1586
1584
1582
1580
1578
1576
1574
1572
1570
1568
1566
1565
1563
1561
1559
1557
1555
1553
1551
1549
1547
1545
1543
1541
1539
1537
1535
1533
1531
1529
1528
1526
1524
1522
1520
1518
1516
1514
1512
1510
1508
1506
1504
1502
1500
1498
1496
1494
1492
1490
1488
1486
1484
1482
1480
1478
1476
1474
1472
1470
1468
1466
1464
1462
1460
1458
1456
1454
1452
1449
1447
1445
1443
1441
1439
1437
1435
1433
1431
1429
1427
1425
1423
1421
1419
1417
1415
1413
1411
1409
1407
1404
1402
1400
1398
1396
1394
1392
1390
1388
1386
1384
1382
1380
1378
1375
1373
1371
1369
1367
1365
1363
1361
1359
1357
1355
1353
1350
1348
1346
1344
1342
1340
1338
1336
1334
1332
1330
1327
1325
1323
1321
1319
1317
1315
1313
1311
1309
1306
1304
1302
1300
1298
1296
1294
1292
1290
1287
1285
1283
1281
1279
1277
1275
1273
1271
1268
1266
1264
1262
1260
1258
1256
1254
1252
1249
1247
1245
1243
1241
1239
1237
1235
1233
1230
1228
1226
1224
1222
1220
1218
1216
1213
1211
1209
1207
1205
1203
1201
1199
1197
1194
1192
1190
1188
1186
1184
1182
1180
1177
1175
1173
1171
1169
1167
1165
1163
1161
1158
1156
1154
1152
1150
1148
1146
1144
1141
1139
1137
1135
1133
1131
1129
1127
1125
1122
1120
1118
1116
1114
1112
1110
1108
1106
1103
1101
1099
1097
1095
1093
1091
1089
1087
1085
1082
1080
1078
1076
1074
1072
1070
1068
1066
1064
1061
1059
1057
1055
1053
1051
1049
1047
1045
1043
1041
1038
1036
1034
1032
1030
1028
1026
1024
1022
1020
1018
1016
1013
1011
1009
1007
1005
1003
1001
999
997
995
993
991
989
987
984
982
980
978
976
974
972
970
968
966
964
962
960
958
956
954
952
950
948
945
943
941
939
937
935
933
931
929
927
925
923
921
919
917
915
913
911
909
907
905
903
901
899
897
895
893
891
889
887
885
883
881
879
877
875
873
871
869
867
865
863
861
859
857
855
853
851
849
847
845
843
841
839
837
835
833
832
830
828
826
824
822
820
818
816
814
812
810
808
806
804
802
800
799
797
795
793
791
789
787
785
783
781
779
778
776
774
772
770
768
766
764
762
760
759
757
755
753
751
749
747
745
744
742
740
738
736
734
732
731
729
727
725
723
721
719
718
716
714
712
710
708
707
705
703
701
699
698
696
694
692
690
689
687
685
683
681
680
678
676
674
672
671
669
667
665
663
662
660
658
656
655
653
651
649
648
646
644
642
641
639
637
635
634
632
630
629
627
625
623
622
620
618
617
615
613
611
610
608
606
605
603
601
600
598
596
595
593
591
589
588
586
585
583
581
580
578
576
575
573
571
570
568
566
565
563
561
560
558
557
555
553
552
550
549
547
545
544
542
541
539
537
536
534
533
531
529
528
526
525
523
522
520
519
517
515
514
512
511
509
508
506
505
503
502
500
499
497
496
494
492
491
489
488
486
485
483
482
480
479
478
476
475
473
472
470
469
467
466
464
463
461
460
458
457
456
454
453
451
450
448
447
446
444
443
441
440
438
437
436
434
433
431
430
429
427
426
424
423
422
420
419
418
416
415
413
412
411
409
408
407
405
404
403
401
400
399
397
396
395
393
392
391
389
388
387
385
384
383
382
380
379
378
376
375
374
373
371
370
369
368
366
365
364
362
361
360
359
357
356
355
354
353
351
350
349
348
346
345
344
343
342
340
339
338
337
336
334
333
332
331
330
328
327
326
325
324
323
321
320
319
318
317
316
315
313
312
311
310
309
308
307
305
304
303
302
301
300
299
298
297
295
294
293
292
291
290
289
288
287
286
285
284
282
281
280
279
278
277
276
275
274
273
272
271
270
269
268
267
266
265
264
263
262
261
260
259
258
257
256
255
254
253
252
251
250
249
248
247
246
245
244
243
242
241
240
239
238
237
236
235
234
233
233
232
231
230
229
228
227
226
225
224
223
222
222
221
220
219
218
217
216
215
214
213
213
212
211
210
209
208
207
207
206
205
204
203
202
201
201
200
199
198
197
196
196
195
194
193
192
191
191
190
189
188
187
187
186
185
184
183
183
182
181
180
180
179
178
177
176
176
175
174
173
173
172
171
170
170
169
168
167
167
166
165
164
164
163
162
162
161
160
159
159
158
157
157
156
155
154
154
153
152
152
151
150
150
149
148
148
147
146
146
145
144
144
143
142
142
141
140
140
139
138
138
137
136
136
135
134
134
133
133
132
131
131
130
129
129
128
128
127
126
126
125
125
124
123
123
122
122
121
120
120
119
119
118
118
117
116
116
115
115
114
114
113
113
112
111
111
110
110
109
109
108
108
107
107
106
105
105
104
104
103
103
102
102
101
101
100
100
99
99
98
98
97
97
96
96
95
95
94
94
93
93
92
92
91
91
90
90
90
89
89
88
88
87
87
86
86
85
85
85
84
84
83
83
82
82
81
81
81
80
80
79
79
78
78
78
77
77
76
76
75
75
75
74
74
73
73
73
72
72
71
71
71
70
70
70
69
69
68
68
68
67
67
66
66
66
65
65
65
64
64
64
63
63
62
62
62
61
61
61
60
60
60
59
59
59
58
58
58
57
57
57
56
56
56
55
55
55
54
54
54
53
53
53
52
52
52
52
51
51
51
50
50
50
49
49
49
49
48
48
48
47
47
47
46
46
46
46
45
45
45
45
44
44
44
43
43
43
43
42
42
42
42
41
41
41
41
40
40
40
40
39
39
39
39
38
38
38
38
37
37
37
37
36
36
36
36
35
35
35
35
35
34
34
34
34
33
33
33
33
33
32
32
32
32
31
31
31
31
31
30
30
30
30
30
29
29
29
29
29
28
28
28
28
28
27
27
27
27
27
27
26
26
26
26
26
25
25
25
25
25
25
24
24
24
24
24
24
23
23
23
23
23
23
22
22
22
22
22
22
21
21
21
21
21
21
21
20
20
20
20
20
20
19
19
19
19
19
19
19
18
18
18
18
18
18
18
18
17
17
17
17
17
17
17
16
16
16
16
16
16
16
16
15
15
15
15
15
15
15
15
15
14
14
14
14
14
14
14
14
14
13
13
13
13
13
13
13
13
13
12
12
12
12
12
12
12
12
12
12
11
11
11
11
11
11
11
11
11
11
11
10
10
10
10
10
10
10
10
10
10
10
9
9
9
9
9
9
9
9
9
9
9
9
9
8
8
8
8
8
8
8
8
8
8
8
8
8
8
7
7
7
7
7
7
7
7
7
7
7
7
7
7
7
6
6
6
6
6
6
6
6
6
6
6
6
6
6
6
6
6
5
5
5
5
5
5
5
5
5
5
5
5
5
5
5
5
5
5
5
4
4
4
4
4
4
4
4
4
4
4
4
4
4
4
4
4
4
4
4
4
4
4
3
3
3
3
3
3
3
3
3
3
3
3
3
3
3
3
3
3
3
3
3
3
3
3
3
3
3
3
2
2
2
2
2
2
2
2
2
2
2
2
2
2
2
2
2
2
2
2
2
2
2
2
2
2
2
2
2
2
2
2
2
2
2
2
2
1
1
1
1
1
1
1
1
1
1
1
1
1
1
1
1
1
1
1
1
1
1
1
1
1
1
1
1
1
1
1
1
1
1
1
1
1
1
1
1
1
1
1
1
1
1
1
1
1
1
1
1
1
1
1
1
1
1
1
1
1
1
0
0
0
0
0
0
0
0
0
0
0
0
0
0
0
0
0
0
0
0
0
0
0
0
0
0
0
0
0
0
0
0
0
0
0
0
0
0
0
0
0
0
0
0
0
0
0
0
0
0
0
0
0
0
0
0
0
0
0
0
0
0
0
0
0
0
0
0
0
0
0
0
0
0
