1036
1040
1040
1044
1048
1052
1060
1064
1072
1080
1088
1096
1104
1112
1120
1132
1140
1152
1164
1172
1184
1196
1208
1220
1232
1244
1256
1268
1280
1292
1304
1316
1328
1340
1352
1364
1376
1388
1400
1412
1424
1436
1448
1460
1472
1484
1492
1504
1516
1528
1540
1548
1560
1572
1580
1592
1604
1612
1624
1632
1644
1652
1664
1672
1684
1692
1700
1712
1720
1732
1740
1748
1760
1768
1776
1788
1796
1804
1812
1824
1832
1840
1848
1860
1868
1876
1884
1892
1900
1912
1920
1928
1936
1944
1952
1964
1972
1980
1988
1996
2004
2012
2020
2028
2036
2044
2052
2060
2068
2076
2084
2092
2100
2108
2116
2124
2132
2140
2148
2156
2164
2172
2180
2184
2192
2200
2208
2216
2224
2232
2240
2248
2252
2260
2268
2276
2284
2292
2296
2304
2312
2320
2328
2336
2340
2348
2356
2364
2372
2376
2384
2392
2400
2408
2412
2420
2428
2436
2440
2448
2456
2464
2468
2476
2484
2492
2496
2504
2512
2520
2524
2532
2540
2544
2552
2560
2564
2572
2580
2584
2592
2600
2608
2612
2620
2628
2632
2640
2648
2652
2660
2668
2672
2680
2684
2692
2700
2704
2712
2720
2724
2732
2740
2744
2752
2756
2764
2772
2776
2784
2792
2796
2804
2808
2816
2824
2828
2836
2840
2848
2856
2860
2868
2872
2880
2888
2892
2900
2908
2912
2920
2928
2932
2940
2948
2952
2960
2964
2972
2980
2984
2992
2996
3004
3008
3012
3020
3024
3028
3032
3036
3040
3044
3048
3052
3056
3056
3060
3060
3060
3064
3064
3064
3064
3064
3064
3060
3060
3060
3056
3056
3052
3052
3048
3048
3044
3040
3040
3036
3032
3028
3028
3024
3020
3016
3012
3012
3008
3004
3000
2996
2996
2992
2988
2984
2984
2980
2976
2972
2972
2968
2964
2964
2960
2956
2956
2952
2948
2948
2944
2944
2940
2940
2936
2932
2932
2928
2928
2924
2924
2920
2920
2916
2916
2912
2912
2908
2908
2908
2904
2904
2900
2900
2896
2896
2896
2892
2892
2888
2888
2888
2884
2884
2884
2880
2880
2880
2876
2876
2872
2872
2872
2868
2868
2868
2868
2864
2864
2864
2860
2860
2860
2856
2856
2856
2856
2852
2852
2852
2848
2848
2848
2848
2844
2844
2844
2844
2840
2840
2840
2840
2836
2836
2836
2836
2832
2832
2832
2832
2832
2828
2828
2828
2828
2824
2824
2824
2824
2824
2824
2820
2820
2820
2820
2820
2816
2816
2816
2816
2816
2812
2812
2812
2812
2812
2812
2808
2808
2808
2808
2808
2808
2804
2804
2804
2804
2804
2804
2800
2800
2800
2800
2800
2800
2796
2796
2796
2796
2796
2796
2796
2792
2792
2792
2792
2792
2792
2792
2788
2788
2788
2788
2788
2788
2788
2788
2784
2784
2784
2784
2784
2784
2784
2780
2780
2780
2780
2780
2780
2776
2776
2776
2776
2776
2776
2776
2776
2772
2772
2772
2772
2772
2772
2772
2772
2772
2772
2772
2772
2772
2772
2772
2772
2772
2772
2772
2772
2772
2772
2772
2772
2772
2772
2768
2768
2764
2764
2760
2760
2756
2752
2748
2744
2740
2736
2732
2728
2720
2716
2708
2704
2696
2688
2680
2676
2668
2660
2652
2640
2632
2624
2616
2608
2596
2588
2580
2568
2560
2552
2540
2532
2524
2512
2504
2496
2484
2476
2468
2456
2448
2440
2428
2420
2412
2400
2392
2384
2376
2368
2356
2348
2340
2332
2324
2316
2304
2296
2288
2280
2272
2264
2256
2248
2240
2232
2224
2216
2208
2200
2192
2184
2176
2168
2160
2152
2144
2140
2132
2124
2116
2108
2100
2092
2084
2080
2072
2064
2056
2048
2040
2032
2028
2020
2012
2004
1996
1992
1984
1976
1968
1964
1956
1948
1940
1932
1928
1920
1912
1904
1900
1892
1884
1876
1872
1864
1856
1852
1844
1836
1832
1824
1816
1808
1804
1796
1788
1784
1776
1768
1764
1756
1748
1744
1736
1732
1724
1716
1712
1704
1696
1692
1684
1680
1672
1664
1660
1652
1648
1640
1632
1628
1620
1616
1608
1604
1596
1588
1584
1576
1572
1564
1560
1552
1544
1540
1532
1528
1520
1516
1508
1500
1496
1488
1484
1476
1472
1464
1460
1452
1448
1440
1432
1428
1420
1416
1408
1404
1396
1392
1384
1380
1372
1368
1360
1356
1348
1344
1336
1332
1324
1320
1316
1308
1304
1296
1292
1284
1280
1272
1268
1260
1256
1248
1244
1240
1232
1228
1220
1216
1208
1204
1196
1192
1184
1180
1172
1168
1160
1156
1148
1144
1136
1132
1124
1120
1112
1108
1100
1096
1088
1084
1076
1072
1068
1060
1056
1052
1048
1044
1040
1040
1036
1036
1032
1032
1032
1032
1036
